2156, 843
2163, 832
2164, 827
2170, 814
2181, 794
2185, 782
2203, 752
2207, 735
2226, 701
2232, 689
2244, 656
2257, 626
2261, 614
2270, 591
2274, 579
2285, 559
2288, 552
2300, 532
2303, 528
2308, 517
2315, 509
2318, 506
2321, 504
2322, 502
2324, 502
2325, 503
2326, 505
2327, 508
2335, 523
2339, 530
2347, 547
2351, 557
2362, 579
2374, 608
2378, 618
2388, 646
2389, 658
2394, 680
2396, 689
2398, 708
2402, 728
2402, 732
2402, 740
2404, 743
2404, 749
2404, 752
2404, 756
2404, 757
2405, 760
2405, 761
2405, 761
2405, 761
2404, 761
2402, 761
2401, 761
2401, 760
2399, 760
2398, 760