2148, 715
2151, 710
2154, 706
2158, 699
2171, 684
2184, 666
2189, 659
2203, 639
2207, 629
2224, 599
2228, 587
2237, 567
2247, 539
2253, 527
2265, 494
2269, 482
2278, 460
2282, 450
2286, 431
2288, 428
2290, 417
2291, 411
2291, 410
2292, 409
2293, 409
2295, 409
2296, 410
2298, 416
2309, 434
2310, 437
2320, 462
2341, 500
2347, 514
2365, 548
2372, 563
2386, 593
2392, 600
2401, 620
2406, 627
2420, 646
2421, 649
2426, 656
2427, 657
2430, 661
2431, 662
2432, 663
2433, 665
2433, 664
2433, 663
2433, 662
2433, 661