726, 442
731, 443
734, 444
745, 452
750, 456
768, 474
789, 499
840, 563
868, 602
879, 620
903, 655
914, 673
930, 706
941, 729
945, 738
945, 760
945, 769
945, 788
944, 792
943, 805
937, 817
935, 822
932, 832
929, 835
923, 846
920, 851
915, 862
910, 865
903, 874
895, 881
891, 883
880, 886
876, 888
861, 890
856, 891
846, 891
837, 891
836, 891
831, 891
830, 891
827, 888
826, 887
824, 883
823, 880
820, 872
814, 859
812, 853
810, 834
810, 825
810, 798
811, 782
821, 745
837, 714
839, 705
865, 673
878, 658
908, 625
918, 617
940, 593
950, 583
974, 561
990, 543
997, 538
1007, 528
1010, 527
1015, 522
1016, 521
1017, 521
1017, 520
1017, 520
1017, 520
1017, 521
1016, 521