929, 184
929, 184
929, 187
929, 195
929, 199
929, 212
930, 216
932, 231
932, 240
934, 256
934, 273
936, 282
936, 301
936, 309
936, 331
936, 339
936, 364
936, 394
936, 405
936, 446
936, 462
936, 500
936, 516
936, 553
936, 570
936, 603
928, 646
924, 663
916, 702
914, 716
909, 744
907, 753
905, 769
904, 776
904, 777
904, 777
904, 776
904, 774
904, 773
905, 772
906, 772
908, 770
908, 768
909, 768
910, 767
910, 766
911, 765
911, 764
911, 763
912, 761
912, 760
913, 759
913, 758
913, 757
915, 753
915, 752
916, 746
916, 743
916, 737
916, 733
916, 729
918, 716
918, 710
918, 693
918, 687