646, 565
646, 565
646, 566
648, 574
651, 578
657, 596
662, 603
671, 623
682, 643
685, 650
694, 670
698, 676
709, 694
712, 698
717, 709
722, 714
723, 717
726, 720
727, 721
729, 721
730, 721
731, 721
734, 718
737, 714
742, 698
746, 689
751, 662
753, 648
757, 620
759, 609
764, 578
772, 540
774, 526
779, 498
781, 484
785, 459
787, 448
792, 421
798, 403
800, 397
808, 382
810, 378
814, 373
817, 370
822, 367
825, 366
833, 362
845, 356
850, 355
865, 351
936, 340
1179, 340
1195, 340
1237, 340
1266, 340
1280, 340
1302, 340
1306, 340
1317, 337
1320, 337
1321, 336
1321, 336
1320, 336
1318, 336
1317, 336
1316, 336
1315, 336
1314, 336
1313, 336
1310, 336
1309, 336
1305, 339
1304, 339
1298, 341
1289, 345