624, 599
624, 600
625, 601
633, 611
641, 623
646, 630
660, 648
667, 658
683, 678
689, 688
703, 711
709, 720
720, 738
728, 755
730, 762
734, 776
736, 781
736, 791
737, 795
737, 802
737, 803
738, 803
738, 803
739, 801
742, 794
749, 779
750, 773
755, 753
755, 747
758, 728
758, 719
761, 692
761, 655
761, 641
761, 604
761, 587
761, 550
761, 536
778, 419
782, 412
790, 394
793, 390
803, 379
818, 368
822, 366
833, 359
838, 357
848, 356
853, 356
863, 354
874, 354
881, 354
896, 355
904, 357
927, 361
941, 363
971, 368
983, 370
1016, 370
1046, 370
1060, 370
1093, 370
1104, 370
1128, 370
1139, 370
1164, 370
1183, 370
1189, 370
1206, 370
1210, 370
1218, 370
1221, 370
1224, 370
1224, 370
1222, 370
1221, 370
1217, 371
1216, 371
1211, 372
1209, 373
1202, 373
1199, 375