632, 552
632, 553
634, 558
637, 567
646, 584
657, 609
663, 619
678, 649
684, 661
695, 683
701, 693
715, 716
718, 723
729, 738
739, 750
741, 753
745, 758
745, 759
745, 757
745, 756
747, 754
747, 749
750, 736
750, 732
752, 717
757, 697
758, 689
763, 661
765, 650
770, 619
772, 605
780, 561
785, 519
790, 505
797, 474
801, 464
811, 435
817, 423
820, 416
824, 407
829, 398
831, 396
835, 392
836, 392
836, 391
837, 391
840, 391
846, 393
849, 396
896, 421
924, 428
977, 435
993, 435
1039, 435
1058, 435
1116, 433
1171, 420
1188, 416
1219, 411
1230, 409
1247, 407
1251, 406
1256, 404
1257, 404
1257, 404
1256, 403
1254, 403
1253, 403
1252, 403
1251, 403
1247, 403
1244, 405
1238, 406
1235, 408
1226, 411
1222, 413
1211, 414
1207, 416
1194, 418
1180, 418
1174, 419
1165, 421
1161, 423
1150, 424
1147, 424
1141, 424