646, 561
646, 562
648, 566
655, 582
661, 591
668, 614
682, 640
690, 654
705, 684
711, 696
723, 722
729, 731
740, 754
749, 771
750, 776
755, 785
758, 788
760, 792
760, 793
760, 793
761, 790
761, 786
765, 769
770, 738
771, 729
776, 698
776, 685
783, 653
785, 642
793, 610
795, 599
799, 568
805, 531
806, 520
811, 492
813, 481
817, 459
819, 452
828, 435
836, 423
839, 420
848, 411
851, 409
860, 404
864, 402
873, 399
875, 399
886, 399
902, 399
911, 399
935, 399
949, 399
990, 399
1004, 399
1057, 399
1113, 399
1135, 399
1197, 399
1213, 399
1258, 399
1272, 399
1305, 399
1314, 399
1327, 399
1334, 399
1334, 398
1333, 398
1332, 398
1331, 398
1330, 398
1327, 398
1326, 398
1322, 398
1321, 399
1317, 400
1314, 402
1306, 403
1294, 409
1287, 413
1270, 417
1261, 419
1239, 421
1230, 423
1200, 428
1172, 432
1158, 434