746, 536
747, 538
749, 542
754, 551
757, 558
771, 584
792, 621
795, 630
807, 656
813, 665
824, 691
827, 695
837, 713
847, 725
852, 730
860, 742
863, 745
866, 750
868, 753
870, 754
872, 755
873, 755
873, 754
874, 750
878, 739
882, 720
882, 713
886, 696
888, 687
892, 662
892, 654
897, 629
899, 618
912, 581
922, 547
929, 530
948, 488
952, 479
965, 442
971, 430
985, 404
996, 384
1001, 379
1009, 367
1012, 362
1018, 355
1020, 354
1023, 349
1025, 349
1029, 347
1033, 347
1037, 347
1046, 347
1050, 347
1065, 347
1073, 347
1098, 352
1128, 354
1142, 356
1185, 364
1202, 366
1253, 372
1270, 374
1315, 374
1334, 374
1375, 374
1415, 374
1423, 374
1445, 374
1449, 374
1460, 373
1461, 373
1462, 373
1462, 372
1462, 371
1462, 371
1461, 371
1460, 371
1458, 371
1457, 371
1455, 371
1452, 371