581, 580
581, 581
586, 589
589, 596
597, 608
601, 615
612, 632
617, 639
630, 655
636, 664
652, 682
668, 705
673, 712
688, 728
692, 734
707, 747
712, 752
719, 760
724, 764
725, 765
728, 768
729, 768
729, 765
730, 763
732, 756
732, 752
736, 737
738, 712
739, 706
744, 678
746, 667
750, 642
750, 631
753, 604
753, 593
757, 565
765, 530
767, 518
771, 493
773, 485
777, 465
781, 458
790, 441
796, 429
797, 424
804, 417
807, 414
814, 409
816, 409
823, 406
884, 401
913, 401
930, 401
971, 401
1032, 401
1051, 401
1097, 401
1113, 401
1143, 401
1154, 401
1176, 401
1182, 401
1195, 401
1208, 401
1213, 401
1227, 401
1234, 401
1248, 401
1253, 401
1265, 401
1274, 401
1276, 401
1278, 401
1277, 401
1276, 401
1275, 401
1274, 401
1271, 401
1270, 401
1268, 401
1265, 401
1264, 402
1263, 402
1262, 403
1260, 403
1259, 403
1255, 406
1254, 406
1247, 409
1237, 413
1234, 416
1224, 419
1219, 421
1206, 427
1201, 430