554, 562
554, 562
555, 563
560, 571
562, 574
572, 589
576, 596
589, 616
606, 643
614, 653
634, 680
642, 690
661, 717
667, 727
683, 745
694, 762
697, 765
704, 774
707, 774
708, 774
708, 774
709, 773
710, 772
711, 769
713, 758
715, 754
715, 741
715, 735
715, 723
715, 709
716, 700
721, 675
723, 664
730, 628
732, 614
741, 571
743, 554
758, 487
767, 462
771, 450
782, 430
786, 423
794, 406
805, 393
808, 390
815, 381
818, 379
823, 375
825, 374
828, 373
986, 380
1005, 380
1058, 380
1108, 380
1125, 380
1162, 380
1173, 380
1201, 374
1209, 374
1226, 370
1238, 368
1239, 367
1240, 367
1240, 366
1240, 366
1239, 366
1238, 366
1236, 366
1234, 366
1233, 367
1230, 367
1229, 368
1225, 370
1222, 370
1218, 373
1211, 378
1208, 381
1201, 386
1197, 389
1188, 396
1183, 399
1172, 408
1165, 412
1148, 423
1133, 429
1126, 432
1109, 439