582, 548
582, 551
582, 553
590, 565
591, 569
601, 582
612, 602
617, 610
631, 632
635, 642
648, 662
652, 669
662, 684
671, 699
674, 703
677, 712
679, 715
680, 721
682, 724
685, 730
685, 732
686, 736
687, 737
687, 737
687, 735
689, 728
692, 721
699, 701
703, 692
712, 667
716, 655
725, 630
729, 616
739, 580
752, 530
754, 513
764, 477
766, 460
771, 433
773, 419
779, 396
783, 385
790, 362
799, 340
801, 333
809, 321
812, 316
819, 307
824, 306
830, 301
842, 297
845, 297
858, 295
862, 295
877, 295
883, 295
904, 296
913, 298
948, 303
986, 311
1003, 313
1045, 316
1059, 316
1100, 316
1116, 316
1153, 316
1187, 316
1201, 316
1225, 316
1234, 316
1245, 316
1248, 316
1252, 315
1252, 315
1251, 314
1250, 314
1248, 314
1247, 314
1245, 314
1244, 314
1241, 314
1237, 314
1234, 316