732, 516
732, 517
732, 518
733, 520
738, 527
739, 532
749, 543
760, 563
765, 570
777, 596
783, 608
800, 634
806, 646
822, 669
833, 692
839, 699
850, 717
853, 724
859, 733
860, 734
861, 737
862, 738
862, 738
862, 737
862, 736
862, 732
864, 721
866, 702
868, 695
872, 671
874, 659
879, 632
881, 620
885, 595
890, 561
892, 546
897, 519
910, 468
922, 439
925, 430
934, 412
940, 400
943, 396
946, 391
948, 388
951, 387
952, 387
954, 387
955, 386
956, 386
958, 386
959, 386
960, 386
961, 386
962, 386
965, 386
966, 387
976, 392
980, 393
1000, 397
1008, 397
1039, 402
1084, 402
1105, 402
1155, 402
1182, 402
1260, 402
1284, 402
1358, 402
1383, 402
1444, 402
1506, 402
1522, 402
1555, 402
1564, 402
1577, 402
1580, 402
1580, 402
1579, 402
1578, 402
1576, 402
1575, 402
1574, 402
1574, 402
1573, 402
1572, 402
1571, 402
1569, 402
1568, 403
1567, 403
1565, 404
1563, 405
1561, 407