727, 394
727, 396
727, 398
728, 403
732, 409
735, 416
751, 439
759, 449
786, 484
799, 497
832, 527
868, 560
881, 571
913, 597
925, 603
948, 622
956, 630
973, 638
980, 644
983, 645
984, 646
984, 648
984, 648
983, 649
982, 649
978, 651
975, 654
966, 662
961, 663
946, 673
936, 678
910, 693
875, 706
863, 712
822, 726
805, 730
769, 743
754, 747
721, 763
711, 768
686, 780
673, 788
669, 791
662, 798
662, 799
661, 802
661, 802
663, 802
670, 798
673, 797
679, 792
682, 790
689, 787
693, 786
694, 786
697, 784
698, 784
702, 784
703, 784
704, 784
706, 784
707, 784
708, 783