595, 305
595, 306
597, 308
600, 315
603, 319
613, 333
618, 342
643, 364
653, 377
686, 406
719, 443
732, 456
814, 526
834, 537
841, 540
851, 548
855, 550
856, 551
856, 552
855, 552
852, 553
849, 555
847, 556
835, 564
831, 567
817, 578
808, 584
787, 602
777, 610
746, 631
711, 660
696, 669
665, 689
651, 696
616, 714
604, 720
571, 736
551, 747
544, 750
532, 756
531, 757
529, 760
529, 760
532, 760
540, 759
545, 759
552, 754
556, 753
567, 749
576, 743
579, 742
584, 739
587, 737
591, 736
592, 736
595, 735