631, 418
631, 419
633, 422
637, 426
648, 440
658, 448
683, 472
690, 480
711, 501
736, 525
748, 538
778, 571
791, 581
820, 610
835, 623
861, 640
882, 654
889, 659
898, 665
901, 666
904, 667
904, 667
903, 669
902, 669
900, 670
896, 671
890, 674
885, 676
875, 679
865, 683
839, 697
822, 704
776, 727
707, 756
687, 765
621, 800
595, 811
541, 838
529, 846
483, 866
471, 875
450, 890
440, 898
439, 901
439, 904
439, 904
442, 904
448, 903
452, 902
459, 897
464, 897
470, 893
475, 890
484, 885
486, 884
497, 878
504, 873
509, 871
516, 866
518, 865
525, 860
528, 858