737, 220
737, 222
737, 223
739, 228
740, 233
742, 245
744, 252
750, 269
757, 286
760, 293
767, 315
770, 325
777, 342
781, 351
789, 368
796, 391
801, 398
810, 418
814, 427
823, 445
828, 454
837, 474
843, 481
856, 499
867, 514
871, 519
884, 529
889, 532
899, 536
904, 536
914, 538
928, 537
933, 537
950, 531
957, 528
977, 519
986, 515
1009, 501
1019, 493
1042, 477
1069, 460
1078, 452
1097, 432
1104, 426
1120, 403
1128, 391
1142, 371
1145, 362
1157, 339
1163, 319
1163, 311
1163, 297
1163, 291
1163, 280
1163, 276
1161, 271
1160, 267
1159, 267
1158, 267
1156, 267
1155, 268
1154, 269
1153, 272
1148, 279
1142, 286
1141, 289
1135, 299
1134, 304
1128, 317
1127, 323
1118, 341
1112, 358
1110, 364
1101, 384
1098, 391
1089, 411
1085, 420