658, 391
658, 394
658, 398
658, 401
658, 411
658, 415
658, 430
660, 449
662, 458
667, 483
669, 495
673, 522
677, 534
687, 562
696, 585
702, 599
711, 622
717, 632
728, 657
734, 666
745, 687
756, 707
762, 714
772, 726
775, 731
782, 740
785, 743
792, 746
795, 748
803, 749
812, 749
818, 749
829, 743
838, 739
859, 726
866, 720
893, 701
903, 693
925, 669
950, 646
958, 636
979, 612
985, 602
1002, 576
1008, 566
1022, 540
1034, 517
1037, 508
1046, 485
1046, 479
1048, 460
1048, 454
1048, 441
1048, 437
1048, 429
1048, 424
1047, 423
1047, 422
1047, 422
1045, 423
1044, 427
1044, 430
1042, 436
1041, 439
1038, 445
1038, 448
1036, 459
1034, 468
1033, 472
1031, 485
1031, 489
1027, 504
1027, 510
1023, 528
1021, 547
1019, 556
1015, 573